SIMPLE  = T
BITPIX  = -64
NAXIS   = 2
NAXIS1  = 226
NAXIS2  = 220
CTYPE1  = 'RA---TAN'
CTYPE2  = 'DEC--TAN'
CRVAL1  =  210.835222357
CRVAL2  =   54.367562188
CDELT1  =   -0.00277780
CDELT2  =    0.00277780
CRPIX1  =      113.0000
CRPIX2  =      110.0000
CROTA2  =   -0.052834592
HISTORY =   MONTAGE TUTORIAL
END
